   811    12   177     datakind beginning-row linenumbers
-----------------------------------------------------------------
Conversion of traditional potential data to mscd format
POCONV Version 1.20 Yufeng Chen and Michel A Van Hove
Lawrence Berkeley National Laboratory (LBNL), Berkeley, CA 94720
Copyright (c) Van Hove Group 1997-1998. All rights reserved
-----------------------------------------------------------------

         1                   1 potential data

   r (angstrom)   rV (eV-angs)
   7.976135e-05   1.151531e+02
   8.385180e-05   1.151531e+02
   8.815393e-05   1.151531e+02
   9.267301e-05   1.151459e+02
   9.742493e-05   1.151459e+02
   1.024203e-04   1.151459e+02
   1.076696e-04   1.151387e+02
   1.131888e-04   1.151387e+02
   1.189938e-04   1.151387e+02
   1.250951e-04   1.151315e+02
   1.315086e-04   1.151315e+02
   1.382502e-04   1.151315e+02
   1.453357e-04   1.151243e+02
   1.527917e-04   1.151243e+02
   1.606234e-04   1.151171e+02
   1.688572e-04   1.151171e+02
   1.775144e-04   1.151099e+02
   1.866160e-04   1.151099e+02
   1.961834e-04   1.151027e+02
   2.062428e-04   1.150955e+02
   2.168209e-04   1.150955e+02
   2.279334e-04   1.150883e+02
   2.396227e-04   1.150811e+02
   2.519100e-04   1.150811e+02
   2.648216e-04   1.150739e+02
   2.784001e-04   1.150667e+02
   2.926770e-04   1.150595e+02
   3.076789e-04   1.150523e+02
   3.234586e-04   1.150451e+02
   3.400427e-04   1.150379e+02
   3.574735e-04   1.150307e+02
   3.758038e-04   1.150235e+02
   3.950708e-04   1.150163e+02
   4.153273e-04   1.150019e+02
   4.366210e-04   1.149947e+02
   4.590047e-04   1.149875e+02
   4.825421e-04   1.149731e+02
   5.072806e-04   1.149659e+02
   5.332945e-04   1.149515e+02
   5.606525e-04   1.149371e+02
   5.893862e-04   1.149299e+02
   6.196016e-04   1.149155e+02
   6.513516e-04   1.149011e+02
   6.847421e-04   1.148867e+02
   7.198788e-04   1.148723e+02
   7.567617e-04   1.148507e+02
   7.956026e-04   1.148363e+02
   8.363485e-04   1.148147e+02
   8.792639e-04   1.148003e+02
   9.243489e-04   1.147787e+02
   9.717094e-04   1.147571e+02
   1.021557e-03   1.147355e+02
   1.073944e-03   1.147139e+02
   1.128978e-03   1.146851e+02
   1.186869e-03   1.146635e+02
   1.247723e-03   1.146347e+02
   1.311699e-03   1.146059e+02
   1.378956e-03   1.145771e+02
   1.449653e-03   1.145411e+02
   1.523948e-03   1.145123e+02
   1.602106e-03   1.144763e+02
   1.684233e-03   1.144403e+02
   1.770593e-03   1.143971e+02
   1.861398e-03   1.143612e+02
   1.956807e-03   1.143180e+02
   2.057137e-03   1.142748e+02
   2.162600e-03   1.142244e+02
   2.273513e-03   1.141740e+02
   2.390036e-03   1.141236e+02
   2.512591e-03   1.140660e+02
   2.641443e-03   1.140084e+02
   2.776857e-03   1.139508e+02
   2.919203e-03   1.138860e+02
   3.068904e-03   1.138140e+02
   3.226225e-03   1.137420e+02
   3.391643e-03   1.136700e+02
   3.565527e-03   1.135908e+02
   3.748354e-03   1.135044e+02
   3.940548e-03   1.134180e+02
   4.142584e-03   1.133316e+02
   4.354991e-03   1.132309e+02
   4.578247e-03   1.131373e+02
   4.812985e-03   1.130293e+02
   5.059789e-03   1.129213e+02
   5.319187e-03   1.127989e+02
   5.591708e-03   1.126765e+02
   5.878516e-03   1.125469e+02
   6.180142e-03   1.124101e+02
   6.497112e-03   1.122589e+02
   6.829958e-03   1.121078e+02
   7.180267e-03   1.119494e+02
   7.548038e-03   1.117766e+02
   7.935388e-03   1.116038e+02
   8.342317e-03   1.114166e+02
   8.769885e-03   1.112150e+02
   9.219676e-03   1.110135e+02
   9.692223e-03   1.107903e+02
   1.018911e-02   1.105671e+02
   1.071140e-02   1.103295e+02
   1.126067e-02   1.100776e+02
   1.183799e-02   1.098112e+02
   1.244495e-02   1.095304e+02
   1.308312e-02   1.092352e+02
   1.375411e-02   1.089257e+02
   1.445896e-02   1.086017e+02
   1.520032e-02   1.082633e+02
   1.597979e-02   1.079034e+02
   1.679894e-02   1.075290e+02
   1.766042e-02   1.071330e+02
   1.856582e-02   1.067227e+02
   1.951779e-02   1.062835e+02
   2.051845e-02   1.058372e+02
   2.157043e-02   1.053620e+02
   2.267639e-02   1.048652e+02
   2.383897e-02   1.043973e+02
   2.506135e-02   1.038502e+02
   2.634617e-02   1.032814e+02
   2.769713e-02   1.026911e+02
   2.911689e-02   1.020719e+02
   3.060967e-02   1.014240e+02
   3.217918e-02   1.007472e+02
   3.382912e-02   1.000489e+02
   3.556373e-02   9.932178e+01
   3.738671e-02   9.855865e+01
   3.930388e-02   9.777393e+01
   4.131895e-02   9.695320e+01
   4.343720e-02   9.611808e+01
   4.566447e-02   9.523976e+01
   4.800550e-02   9.469261e+01
   5.046719e-02   9.375671e+01
   5.305428e-02   9.279200e+01
   5.577420e-02   9.179849e+01
   5.863170e-02   9.076180e+01
   6.164266e-02   8.971069e+01
   6.480179e-02   8.862360e+01
   6.812496e-02   8.750770e+01
   7.161746e-02   8.636301e+01
   7.528988e-02   8.518952e+01
   7.914751e-02   8.401603e+01
   8.320622e-02   8.278494e+01
   8.747131e-02   8.151787e+01
   9.195863e-02   8.022198e+01
   9.667352e-02   7.899091e+01
   1.016265e-01   7.763023e+01
   1.068388e-01   7.624077e+01
   1.123157e-01   7.484410e+01
   1.180730e-01   7.342583e+01
   1.241267e-01   7.192838e+01
   1.304926e-01   7.041724e+01
   1.371813e-01   6.885427e+01
   1.442192e-01   6.725674e+01
   1.516116e-01   6.562466e+01
   1.593851e-01   6.419703e+01
   1.675554e-01   6.250231e+01
   1.761491e-01   6.078024e+01
   1.851767e-01   5.903296e+01
   1.946699e-01   5.726480e+01
   2.046553e-01   5.547578e+01
   2.151487e-01   5.376666e+01
   2.261766e-01   5.195027e+01
   2.377759e-01   5.011660e+01
   2.499626e-01   4.828150e+01
   2.627790e-01   4.642120e+01
   2.762516e-01   4.476247e+01
   2.904174e-01   4.284818e+01
   3.053082e-01   4.091948e+01
   3.209610e-01   3.898790e+01
   3.374180e-01   3.700881e+01
   3.547165e-01   3.507507e+01
   3.729040e-01   3.305278e+01
   3.920228e-01   3.099954e+01
   4.121206e-01   2.914140e+01
   4.332502e-01   2.707519e+01
   4.554646e-01   2.501403e+01
   4.788167e-01   2.304070e+01
   5.033648e-01   2.102992e+01
   5.291670e-01   1.924089e+01
