    721    14   256     datakind beginning-row linenumbers
 ----------------------------------------------------------------
                     David A. Shirley's group
               Pennsylvania State University (PSU)
           Lawrence Berkeley National Laboratory (LBNL)
      Copyright (c) 1995-1996 DAS group. All rights reserved
 ----------------------------------------------------------------

         1 2p           1 radial matrix data

        binding energy = 1062.992 eV

            k     R(li+1)    phase(li+1)     R(li-1)    phase(li-1)
       5.0000    0.27167E-01      2.8104    0.73510E-02      1.3770
       5.0500    0.27434E-01      2.8085    0.73899E-02      1.3652
       5.1000    0.27701E-01      2.8067    0.74276E-02      1.3534
       5.1500    0.27970E-01      2.8051    0.74640E-02      1.3417
       5.2000    0.28239E-01      2.8036    0.74992E-02      1.3301
       5.2500    0.28509E-01      2.8024    0.75332E-02      1.3186
       5.3000    0.28780E-01      2.8013    0.75659E-02      1.3072
       5.3500    0.29050E-01      2.8004    0.75974E-02      1.2959
       5.4000    0.29320E-01      2.7997    0.76276E-02      1.2846
       5.4500    0.29590E-01      2.7992    0.76566E-02      1.2734
       5.5000    0.29859E-01      2.7989    0.76843E-02      1.2623
       5.5500    0.30127E-01      2.7988    0.77107E-02      1.2513
       5.6000    0.30394E-01      2.7988    0.77358E-02      1.2403
       5.6500    0.30660E-01      2.7991    0.77596E-02      1.2294
       5.7000    0.30923E-01      2.7996    0.77822E-02      1.2185
       5.7500    0.31184E-01      2.8002    0.78035E-02      1.2077
       5.8000    0.31442E-01      2.8011    0.78235E-02      1.1970
       5.8500    0.31697E-01      2.8021    0.78422E-02      1.1863
       5.9000    0.31949E-01      2.8034    0.78597E-02      1.1756
       5.9500    0.32196E-01      2.8048    0.78759E-02      1.1650
       6.0000    0.32440E-01      2.8064    0.78909E-02      1.1545
       6.0500    0.32679E-01      2.8082    0.79046E-02      1.1439
       6.1000    0.32913E-01      2.8102    0.79171E-02      1.1334
       6.1500    0.33141E-01      2.8123    0.79284E-02      1.1230
       6.2000    0.33363E-01      2.8146    0.79385E-02      1.1126
       6.2500    0.33580E-01      2.8171    0.79474E-02      1.1021
       6.3000    0.33789E-01      2.8197    0.79551E-02      1.0918
       6.3500    0.33991E-01      2.8225    0.79617E-02      1.0814
       6.4000    0.34186E-01      2.8254    0.79671E-02      1.0711
       6.4500    0.34373E-01      2.8284    0.79714E-02      1.0607
       6.5000    0.34551E-01      2.8316    0.79746E-02      1.0504
       6.5500    0.34721E-01      2.8349    0.79767E-02      1.0401
       6.6000    0.34882E-01      2.8383    0.79778E-02      1.0298
       6.6500    0.35034E-01      2.8417    0.79778E-02      1.0195
       6.7000    0.35177E-01      2.8453    0.79768E-02      1.0092
       6.7500    0.35309E-01      2.8489    0.79748E-02      0.9989
       6.8000    0.35432E-01      2.8526    0.79719E-02      0.9886
       6.8500    0.35545E-01      2.8563    0.79680E-02      0.9783
       6.9000    0.35647E-01      2.8601    0.79632E-02      0.9680
       6.9500    0.35738E-01      2.8639    0.79576E-02      0.9577
       7.0000    0.35820E-01      2.8677    0.79510E-02      0.9474
       7.0500    0.35890E-01      2.8716    0.79437E-02      0.9371
       7.1000    0.35950E-01      2.8754    0.79355E-02      0.9267
       7.1500    0.36000E-01      2.8792    0.79266E-02      0.9164
       7.2000    0.36039E-01      2.8829    0.79169E-02      0.9060
       7.2500    0.36067E-01      2.8866    0.79065E-02      0.8956
       7.3000    0.36085E-01      2.8903    0.78954E-02      0.8852
       7.3500    0.36093E-01      2.8939    0.78836E-02      0.8748
       7.4000    0.36091E-01      2.8974    0.78712E-02      0.8643
       7.4500    0.36079E-01      2.9009    0.78582E-02      0.8538
       7.5000    0.36058E-01      2.9042    0.78447E-02      0.8433
       7.5500    0.36027E-01      2.9075    0.78305E-02      0.8328
       7.6000    0.35988E-01      2.9106    0.78159E-02      0.8223
       7.6500    0.35939E-01      2.9136    0.78007E-02      0.8117
       7.7000    0.35882E-01      2.9165    0.77851E-02      0.8011
       7.7500    0.35818E-01      2.9192    0.77690E-02      0.7905
       7.8000    0.35745E-01      2.9218    0.77525E-02      0.7799
       7.8500    0.35665E-01      2.9243    0.77357E-02      0.7692
       7.9000    0.35579E-01      2.9265    0.77184E-02      0.7585
       7.9500    0.35486E-01      2.9287    0.77009E-02      0.7478
       8.0000    0.35386E-01      2.9306    0.76830E-02      0.7371
       8.0500    0.35281E-01      2.9324    0.76648E-02      0.7263
       8.1000    0.35171E-01      2.9341    0.76463E-02      0.7155
       8.1500    0.35055E-01      2.9355    0.76276E-02      0.7047
       8.2000    0.34935E-01      2.9368    0.76087E-02      0.6939
       8.2500    0.34811E-01      2.9379    0.75896E-02      0.6830
       8.3000    0.34683E-01      2.9388    0.75703E-02      0.6721
       8.3500    0.34552E-01      2.9396    0.75508E-02      0.6612
       8.4000    0.34417E-01      2.9402    0.75313E-02      0.6503
       8.4500    0.34280E-01      2.9405    0.75115E-02      0.6394
       8.5000    0.34141E-01      2.9407    0.74917E-02      0.6284
       8.5500    0.33999E-01      2.9408    0.74718E-02      0.6174
       8.6000    0.33856E-01      2.9406    0.74519E-02      0.6064
       8.6500    0.33711E-01      2.9403    0.74319E-02      0.5953
       8.7000    0.33565E-01      2.9398    0.74119E-02      0.5843
       8.7500    0.33418E-01      2.9391    0.73919E-02      0.5732
       8.8000    0.33271E-01      2.9383    0.73718E-02      0.5621
       8.8500    0.33123E-01      2.9373    0.73518E-02      0.5510
       8.9000    0.32976E-01      2.9362    0.73318E-02      0.5399
       8.9500    0.32828E-01      2.9348    0.73119E-02      0.5288
       9.0000    0.32681E-01      2.9334    0.72920E-02      0.5177
       9.0500    0.32534E-01      2.9318    0.72722E-02      0.5065
       9.1000    0.32388E-01      2.9300    0.72525E-02      0.4954
       9.1500    0.32243E-01      2.9281    0.72329E-02      0.4842
       9.2000    0.32099E-01      2.9260    0.72134E-02      0.4730
       9.2500    0.31956E-01      2.9239    0.71940E-02      0.4618
       9.3000    0.31815E-01      2.9215    0.71747E-02      0.4507
       9.3500    0.31675E-01      2.9191    0.71556E-02      0.4395
       9.4000    0.31537E-01      2.9166    0.71366E-02      0.4283
       9.4500    0.31401E-01      2.9139    0.71177E-02      0.4171
       9.5000    0.31266E-01      2.9111    0.70990E-02      0.4059
       9.5500    0.31133E-01      2.9082    0.70805E-02      0.3947
       9.6000    0.31003E-01      2.9052    0.70622E-02      0.3836
       9.6500    0.30874E-01      2.9022    0.70440E-02      0.3724
       9.7000    0.30748E-01      2.8990    0.70261E-02      0.3612
       9.7500    0.30625E-01      2.8957    0.70085E-02      0.3500
       9.8000    0.30503E-01      2.8924    0.69909E-02      0.3389
       9.8500    0.30383E-01      2.8890    0.69735E-02      0.3278
       9.9000    0.30265E-01      2.8855    0.69563E-02      0.3166
       9.9500    0.30150E-01      2.8819    0.69393E-02      0.3055
      10.0000    0.30037E-01      2.8783    0.69226E-02      0.2944
      10.0500    0.29927E-01      2.8746    0.69060E-02      0.2833
      10.1000    0.29819E-01      2.8709    0.68897E-02      0.2723
      10.1500    0.29714E-01      2.8671    0.68735E-02      0.2612
      10.2000    0.29611E-01      2.8633    0.68576E-02      0.2502
      10.2500    0.29510E-01      2.8595    0.68420E-02      0.2392
      10.3000    0.29412E-01      2.8556    0.68265E-02      0.2282
      10.3500    0.29316E-01      2.8516    0.68113E-02      0.2173
      10.4000    0.29222E-01      2.8477    0.67963E-02      0.2064
      10.4500    0.29131E-01      2.8437    0.67815E-02      0.1955
      10.5000    0.29042E-01      2.8398    0.67669E-02      0.1846
      10.5500    0.28956E-01      2.8358    0.67526E-02      0.1738
      10.6000    0.28871E-01      2.8318    0.67385E-02      0.1630
      10.6500    0.28789E-01      2.8278    0.67246E-02      0.1522
      10.7000    0.28709E-01      2.8237    0.67109E-02      0.1415
      10.7500    0.28632E-01      2.8197    0.66974E-02      0.1308
      10.8000    0.28556E-01      2.8158    0.66842E-02      0.1202
      10.8500    0.28483E-01      2.8118    0.66711E-02      0.1096
      10.9000    0.28411E-01      2.8078    0.66583E-02      0.0990
      10.9500    0.28341E-01      2.8039    0.66457E-02      0.0885
      11.0000    0.28273E-01      2.7999    0.66333E-02      0.0780
      11.0500    0.28208E-01      2.7960    0.66210E-02      0.0676
      11.1000    0.28143E-01      2.7922    0.66090E-02      0.0572
      11.1500    0.28081E-01      2.7883    0.65971E-02      0.0468
      11.2000    0.28020E-01      2.7845    0.65855E-02      0.0365
      11.2500    0.27961E-01      2.7808    0.65740E-02      0.0263
      11.3000    0.27903E-01      2.7771    0.65627E-02      0.0161
      11.3500    0.27847E-01      2.7734    0.65515E-02      0.0060
      11.4000    0.27792E-01      2.7698    0.65405E-02     -0.0041
      11.4500    0.27738E-01      2.7662    0.65297E-02     -0.0141
      11.5000    0.27686E-01      2.7627    0.65191E-02     -0.0241
      11.5500    0.27634E-01      2.7592    0.65085E-02     -0.0340
      11.6000    0.27584E-01      2.7558    0.64981E-02     -0.0439
      11.6500    0.27535E-01      2.7525    0.64879E-02     -0.0537
      11.7000    0.27486E-01      2.7492    0.64777E-02     -0.0634
      11.7500    0.27438E-01      2.7460    0.64677E-02     -0.0731
      11.8000    0.27391E-01      2.7428    0.64578E-02     -0.0827
      11.8500    0.27345E-01      2.7397    0.64480E-02     -0.0922
      11.9000    0.27299E-01      2.7367    0.64383E-02     -0.1017
      11.9500    0.27254E-01      2.7337    0.64287E-02     -0.1111
      12.0000    0.27209E-01      2.7309    0.64191E-02     -0.1205
      12.0500    0.27164E-01      2.7280    0.64096E-02     -0.1298
      12.1000    0.27119E-01      2.7253    0.64002E-02     -0.1390
      12.1500    0.27075E-01      2.7226    0.63908E-02     -0.1481
      12.2000    0.27030E-01      2.7200    0.63815E-02     -0.1572
      12.2500    0.26985E-01      2.7175    0.63722E-02     -0.1662
      12.3000    0.26940E-01      2.7151    0.63629E-02     -0.1752
      12.3500    0.26895E-01      2.7127    0.63537E-02     -0.1841
      12.4000    0.26849E-01      2.7104    0.63444E-02     -0.1929
      12.4500    0.26803E-01      2.7082    0.63352E-02     -0.2016
      12.5000    0.26757E-01      2.7060    0.63259E-02     -0.2103
      12.5500    0.26709E-01      2.7040    0.63167E-02     -0.2189
      12.6000    0.26661E-01      2.7020    0.63074E-02     -0.2274
      12.6500    0.26613E-01      2.7000    0.62980E-02     -0.2359
      12.7000    0.26563E-01      2.6982    0.62886E-02     -0.2443
      12.7500    0.26512E-01      2.6964    0.62792E-02     -0.2526
      12.8000    0.26461E-01      2.6946    0.62697E-02     -0.2609
      12.8500    0.26408E-01      2.6930    0.62601E-02     -0.2691
      12.9000    0.26354E-01      2.6914    0.62504E-02     -0.2772
      12.9500    0.26299E-01      2.6898    0.62406E-02     -0.2852
      13.0000    0.26242E-01      2.6883    0.62307E-02     -0.2932
      13.0500    0.26184E-01      2.6869    0.62207E-02     -0.3011
      13.1000    0.26125E-01      2.6855    0.62106E-02     -0.3090
      13.1500    0.26064E-01      2.6842    0.62004E-02     -0.3168
      13.2000    0.26002E-01      2.6830    0.61900E-02     -0.3245
      13.2500    0.25938E-01      2.6817    0.61795E-02     -0.3321
      13.3000    0.25873E-01      2.6806    0.61688E-02     -0.3397
      13.3500    0.25806E-01      2.6794    0.61579E-02     -0.3472
      13.4000    0.25737E-01      2.6783    0.61469E-02     -0.3547
      13.4500    0.25667E-01      2.6773    0.61357E-02     -0.3621
      13.5000    0.25595E-01      2.6763    0.61244E-02     -0.3694
      13.5500    0.25521E-01      2.6753    0.61128E-02     -0.3767
      13.6000    0.25445E-01      2.6743    0.61010E-02     -0.3839
      13.6500    0.25368E-01      2.6733    0.60891E-02     -0.3911
      13.7000    0.25289E-01      2.6724    0.60769E-02     -0.3982
      13.7500    0.25209E-01      2.6715    0.60645E-02     -0.4053
      13.8000    0.25127E-01      2.6706    0.60519E-02     -0.4123
      13.8500    0.25043E-01      2.6697    0.60391E-02     -0.4192
      13.9000    0.24957E-01      2.6688    0.60260E-02     -0.4261
      13.9500    0.24870E-01      2.6679    0.60127E-02     -0.4330
      14.0000    0.24781E-01      2.6670    0.59992E-02     -0.4398
      14.0500    0.24691E-01      2.6661    0.59854E-02     -0.4465
      14.1000    0.24599E-01      2.6652    0.59714E-02     -0.4532
      14.1500    0.24506E-01      2.6643    0.59572E-02     -0.4599
      14.2000    0.24411E-01      2.6634    0.59427E-02     -0.4665
      14.2500    0.24315E-01      2.6625    0.59280E-02     -0.4731
      14.3000    0.24218E-01      2.6615    0.59130E-02     -0.4797
      14.3500    0.24120E-01      2.6606    0.58978E-02     -0.4862
      14.4000    0.24020E-01      2.6596    0.58824E-02     -0.4927
      14.4500    0.23919E-01      2.6585    0.58667E-02     -0.4992
      14.5000    0.23817E-01      2.6575    0.58507E-02     -0.5056
      14.5500    0.23714E-01      2.6564    0.58345E-02     -0.5120
      14.6000    0.23610E-01      2.6553    0.58181E-02     -0.5184
      14.6500    0.23506E-01      2.6541    0.58015E-02     -0.5247
      14.7000    0.23400E-01      2.6529    0.57846E-02     -0.5311
      14.7500    0.23294E-01      2.6517    0.57675E-02     -0.5374
      14.8000    0.23187E-01      2.6504    0.57501E-02     -0.5437
      14.8500    0.23080E-01      2.6491    0.57326E-02     -0.5499
      14.9000    0.22972E-01      2.6477    0.57148E-02     -0.5562
      14.9500    0.22864E-01      2.6463    0.56969E-02     -0.5624
      15.0000    0.22755E-01      2.6449    0.56787E-02     -0.5687
      15.0500    0.22646E-01      2.6434    0.56603E-02     -0.5749
      15.1000    0.22537E-01      2.6418    0.56417E-02     -0.5811
      15.1500    0.22428E-01      2.6402    0.56230E-02     -0.5873
      15.2000    0.22319E-01      2.6386    0.56041E-02     -0.5935
      15.2500    0.22210E-01      2.6369    0.55850E-02     -0.5997
      15.3000    0.22100E-01      2.6351    0.55657E-02     -0.6059
      15.3500    0.21991E-01      2.6333    0.55463E-02     -0.6120
      15.4000    0.21883E-01      2.6315    0.55268E-02     -0.6182
      15.4500    0.21774E-01      2.6296    0.55071E-02     -0.6244
      15.5000    0.21666E-01      2.6277    0.54873E-02     -0.6306
      15.5500    0.21558E-01      2.6257    0.54673E-02     -0.6368
      15.6000    0.21451E-01      2.6236    0.54473E-02     -0.6430
      15.6500    0.21344E-01      2.6215    0.54271E-02     -0.6492
      15.7000    0.21238E-01      2.6194    0.54069E-02     -0.6554
      15.7500    0.21132E-01      2.6172    0.53865E-02     -0.6616
      15.8000    0.21027E-01      2.6150    0.53661E-02     -0.6679
      15.8500    0.20923E-01      2.6127    0.53457E-02     -0.6741
      15.9000    0.20819E-01      2.6104    0.53251E-02     -0.6803
      15.9500    0.20717E-01      2.6081    0.53045E-02     -0.6866
      16.0000    0.20615E-01      2.6057    0.52839E-02     -0.6929
      16.0500    0.20514E-01      2.6032    0.52633E-02     -0.6992
      16.1000    0.20413E-01      2.6008    0.52426E-02     -0.7054
      16.1500    0.20314E-01      2.5983    0.52219E-02     -0.7118
      16.2000    0.20215E-01      2.5957    0.52012E-02     -0.7181
      16.2500    0.20118E-01      2.5932    0.51805E-02     -0.7244
      16.3000    0.20021E-01      2.5906    0.51598E-02     -0.7308
      16.3500    0.19926E-01      2.5879    0.51391E-02     -0.7371
      16.4000    0.19831E-01      2.5853    0.51185E-02     -0.7435
      16.4500    0.19738E-01      2.5826    0.50979E-02     -0.7499
      16.5000    0.19645E-01      2.5799    0.50774E-02     -0.7563
      16.5500    0.19554E-01      2.5772    0.50569E-02     -0.7627
      16.6000    0.19464E-01      2.5745    0.50364E-02     -0.7691
      16.6500    0.19374E-01      2.5717    0.50161E-02     -0.7756
      16.7000    0.19286E-01      2.5689    0.49957E-02     -0.7820
      16.7500    0.19199E-01      2.5662    0.49755E-02     -0.7885
      16.8000    0.19113E-01      2.5634    0.49554E-02     -0.7950
      16.8500    0.19028E-01      2.5606    0.49353E-02     -0.8015
      16.9000    0.18944E-01      2.5578    0.49154E-02     -0.8080
      16.9500    0.18861E-01      2.5550    0.48956E-02     -0.8145
      17.0000    0.18779E-01      2.5522    0.48758E-02     -0.8211
      17.0500    0.18698E-01      2.5494    0.48562E-02     -0.8276
      17.1000    0.18618E-01      2.5466    0.48367E-02     -0.8342
      17.1500    0.18539E-01      2.5438    0.48173E-02     -0.8407
      17.2000    0.18461E-01      2.5410    0.47981E-02     -0.8473
      17.2500    0.18384E-01      2.5382    0.47790E-02     -0.8539
      17.3000    0.18308E-01      2.5354    0.47600E-02     -0.8604
      17.3500    0.18233E-01      2.5326    0.47412E-02     -0.8670
      17.4000    0.18159E-01      2.5299    0.47225E-02     -0.8736
      17.4500    0.18086E-01      2.5272    0.47039E-02     -0.8802
      17.5000    0.18013E-01      2.5245    0.46856E-02     -0.8868
      17.5500    0.17942E-01      2.5218    0.46673E-02     -0.8934
      17.6000    0.17871E-01      2.5191    0.46492E-02     -0.9000
      17.6500    0.17801E-01      2.5165    0.46313E-02     -0.9066
      17.7000    0.17732E-01      2.5138    0.46135E-02     -0.9133
      17.7500    0.17664E-01      2.5112    0.45959E-02     -0.9199
